%YAML:1.0

#common parameters
#support: 1 imu 1 cam; 1 imu 2 cam: 2 cam; 
imu: 1         
num_of_cam: 2  

imu_topic: "/camera/imu"
image0_topic: "/camera/infra1/image_rect_raw"
image1_topic: "/camera/infra2/image_rect_raw"
output_path: "~/catkin_ws/out/vins-fusion-gpu"

cam0_calib: "left.yaml"
cam1_calib: "right.yaml"
image_width: 640
image_height: 480
   

# Extrinsic parameter between IMU and Camera.
estimate_extrinsic: 1   # 0  Have an accurate extrinsic parameters. We will trust the following imu^R_cam, imu^T_cam, don't change it.
                        # 1  Have an initial guess about extrinsic parameters. We will optimize around your initial guess.

body_T_cam0: !!opencv-matrix
   rows: 4
   cols: 4
   dt: d
   data: [ 0.9999914411261577, 0.0036208163448884813,
       0.0020018400100522446, -0.0007089615663872891,
       -0.0037536713582299293, 0.9974751411984668,
       0.07091722387708188, 0.014061977416394391,
       -0.00174000740333535, -0.070924131155019,
       0.9974801952891802, -0.0033002467904165223, 0.0, 0.0, 0.0, 1.0 ]

body_T_cam1: !!opencv-matrix
   rows: 4
   cols: 4
   dt: d
   data: [ 0.9996685244924319, 0.009275169431019028,
       -0.02401691843575786, 0.049039822759063594,
       -0.007624188623734862, 0.9976600081682981,
       0.06794394637832665, 0.014516571761549487,
       0.02459091065726659, -0.06773831510789965,
       0.9974000239519695, -0.004005574398885185, 0.0, 0.0, 0.0, 1.0 ]

#Multiple thread support
multiple_thread: 1
use_gpu: 1
use_gpu_acc_flow: 1

#feature traker paprameters
max_cnt: 150            # max feature number in feature tracking
min_dist: 30            # min distance between two features 
freq: 10                # frequence (Hz) of publish tracking result. At least 10Hz for good estimation. If set 0, the frequence will be same as raw image 
F_threshold: 1.0        # ransac threshold (pixel)
show_track: 1           # publish tracking image as topic
flow_back: 1            # perform forward and backward optical flow to improve feature tracking accuracy

#optimization parameters
max_solver_time: 0.04  # max solver itration time (ms), to guarantee real time
max_num_iterations: 8   # max solver itrations, to guarantee real time
keyframe_parallax: 10.0 # keyframe selection threshold (pixel)

#imu parameters       The more accurate parameters you provide, the better performance
acc_n: 0.01831838811507446          # accelerometer measurement noise standard deviation. #0.2   0.04
gyr_n: 0.002817991608561224         # gyroscope measurement noise standard deviation.     #0.05  0.004
acc_w: 0.0002902055517487199         # accelerometer bias random work noise standard deviation.  #0.002
gyr_w: 2.001198810947677e-05       # gyroscope bias random work noise standard deviation.     #4.0e-5
g_norm: 9.805         # gravity magnitude

#unsynchronization parameters
estimate_td: 1                      # online estimate time offset between camera and imu
td: 0.00                             # initial value of time offset. unit: s. readed image clock + td = real image clock (IMU clock)

#loop closure parameters
load_previous_pose_graph: 0        # load and reuse previous pose graph; load from 'pose_graph_save_path'
pose_graph_save_path: "~/catkin_ws/out/vins-fusion-gpu/" # save and load path
save_image: 1                   # save image in pose graph for visualization prupose; you can close this function by setting 0 

